4294967294,5
4294967279,354
4294967278,251
4294967279,245
4294967279,353
4294967279,0
4294967294,7
4294967294,6
4294967294,93
4294967294,95
4294967294,92
4294967294,88
4294967294,81
4294967294,1101
4294967294,1018
4294967294,1419
4294967294,83
4294967293,131
4294967293,130
4294967293,129
4294967293,128
4294967293,127
4294967293,126
4294967293,125
4294967293,124
4294967293,123
4294967293,122
4294967293,121
4294967293,120
4294967293,119
4294967293,118
4294967293,117
4294967293,116
4294967293,115
4294967293,114
4294967293,113
4294967293,112
4294967293,111
4294967293,110
4294967293,109
4294967293,108
4294967293,107
4294967293,106
4294967293,105
4294967293,104
4294967293,103
4294967293,102
4294967293,101
4294967293,100
4294967293,99
4294967293,98
4294967293,97
4294967293,96
4294967293,95
4294967293,94
4294967293,93
4294967293,92
4294967293,91
4294967293,90
4294967293,89
4294967293,87
4294967293,86
4294967293,85
4294967293,84
4294967293,83
4294967293,82
4294967293,81
4294967293,80
4294967293,79
4294967293,78
4294967293,77
4294967293,76
4294967293,75
4294967293,74
4294967293,73
4294967293,72
4294967293,71
4294967293,70
4294967293,69
4294967293,68
4294967293,67
4294967293,66
4294967293,65
4294967293,64
4294967293,63
4294967293,62
4294967293,61
4294967293,60
4294967293,59
4294967293,58
4294967293,57
4294967293,56
4294967293,55
4294967293,54
4294967293,53
4294967293,52
4294967293,51
4294967293,50
4294967293,49
4294967293,48
4294967293,47
4294967293,46
4294967293,45
4294967293,44
4294967293,43
4294967293,42
4294967293,41
4294967293,40
4294967293,39
4294967293,38
4294967293,37
4294967293,36
4294967293,35
4294967293,34
4294967293,33
4294967293,32
4294967293,31
4294967293,30
4294967293,29
4294967293,28
4294967293,27
4294967293,26
4294967293,25
4294967293,24
4294967293,23
4294967293,22
4294967293,21
4294967293,20
4294967293,19
4294967293,18
4294967293,17
4294967293,16
4294967293,15
4294967293,14
4294967293,13
4294967293,12
4294967293,11
4294967293,10
4294967293,9
4294967293,8
4294967293,7
4294967293,6
4294967293,5
4294967293,4
4294967293,3
4294967279,306
225,5
4294967279,97
4294967279,95
4294967279,85
4294967279,84
4294967279,83
4294967279,82
4294967279,80
4294967279,79
4294967279,76
4294967279,75
4294967279,74
4294967279,73
4294967279,72
4294967279,71
4294967279,70
4294967279,69
4294967279,67
4294967279,66
4294967279,65
4294967279,64
4294967279,62
4294967279,61
4294967279,60
4294967279,59
4294967279,58
4294967279,57
4294967279,56
4294967279,55
4294967279,54
4294967279,53
4294967279,51
4294967279,50
4294967279,48
4294967279,47
4294967279,46
4294967279,45
4294967279,44
4294967279,43
4294967279,42
4294967279,41
4294967279,39
4294967279,38
4294967279,37
4294967279,36
4294967279,32
4294967279,30
4294967279,29
4294967279,28
4294967279,27
4294967279,25
4294967279,24
4294967279,23
225,4
4294967279,330
4294967294,1094
4294967294,1092
4294967294,1091
4294967294,1090
4294967294,1089
4294967294,1088
4294967294,1015
4294967294,1014
4294967294,1013
4294967294,1012
4294967294,1009
4294967294,1007
4294967294,1006
4294967294,1004
4294967294,998
4294967294,995
4294967294,401
4294967294,190
4294967294,185
4294967294,170
4294967294,163
4294967294,168
4294967294,118
4294967294,189
4294967294,458
4294967294,109
4294967294,111
4294967279,328
4294967279,196
225,6
225,3
225,2
225,1
4294967279,528
4294967279,526
4294967279,179
4294967279,327
4294967279,523
4294967279,323
4294967279,167
4294967279,293
4294967279,68
4294967279,52
4294967278,159
4294967279,158
4294967294,30
4294967294,1167
4294967294,1166
4294967294,1164
4294967294,1163
4294967294,1158
4294967294,1019
4294967294,992
4294967294,990
4294967294,989
4294967294,988
4294967294,987
4294967294,60
4294967279,152
4294967278,398
4294967278,233
4294967278,174
4294967278,395
4294967279,544
4294967279,552
4294967279,86
4294967279,78
4294967279,77
4294967278,418
4294967278,139
4294967278,136
224,6
224,5
224,4
224,3
224,2
224,1
4294967278,284
4294967279,267
4294967279,266
4294967279,277
4294967278,267
4294967278,417
4294967278,371
221,6
221,5
221,4
221,3
221,2
221,1
4294967278,370
4294967279,250
4294967279,551
4294967278,252
4294967278,248
4294967279,247
4294967278,246
4294967278,244
4294967279,244
4294967279,241
4294967279,239
4294967279,227
4294967279,228
4294967278,416
218,6
218,5
218,4
218,3
218,2
218,1
4294967279,539
4294967279,574
4294967279,209
4294967278,208
4294967279,96
4294967279,203
4294967279,204
4294967279,202
4294967278,201
4294967279,199
4294967279,303
4294967278,195
4294967278,194
4294967279,81
4294967279,193
215,6
215,5
215,4
215,3
215,2
215,1
4294967278,306
4294967279,352
4294967278,363
4294967279,186
4294967279,185
4294967279,184
4294967278,183
4294967278,182
4294967279,181
4294967279,180
4294967278,179
4294967278,176
4294967294,1423
4294967278,173
4294967278,172
4294967279,172
212,4
4294967278,171
212,3
212,2
212,1
4294967279,171
4294967278,170
4294967279,166
4294967294,1422
4294967278,415
4294967279,163
4294967279,160
4294967279,162
211,5
211,4
211,3
211,2
211,1
4294967279,157
4294967279,155
4294967278,152
4294967279,151
4294967278,151
4294967279,145
209,5
209,4
209,3
209,2
209,1
207,6
4294967294,392
4294967278,138
207,5
4294967278,135
207,4
207,3
207,2
207,1
206,5
206,4
206,3
206,2
206,1
4294967278,269
4294967278,389
4294967278,355
4294967279,255
205,5
205,4
205,3
205,2
205,1
4294967278,278
4294967278,258
204,5
4294967279,543
204,4
204,3
204,2
204,1
4294967279,542
4294967278,320
4294967294,407
4294967294,461
4294967294,455
4294967294,457
4294967294,411
4294967278,414
202,4
202,3
202,2
202,1
4294967278,241
4294967278,413
4294967278,388
4294967278,412
4294967278,223
4294967278,221
4294967279,218
4294967279,63
4294967279,49
4294967279,207
4294967294,1011
4294967294,1002
4294967294,997
4294967294,996
4294967294,421
4294967294,161
4294967294,18
4294967294,127
4294967294,14
4294967294,126
4294967294,20
4294967294,13
4294967278,393
4294967278,249
4294967278,348
4294967278,310
4294967278,339
4294967278,357
4294967278,346
4294967278,394
4294967278,271
4294967278,5
4294967278,4
4294967279,132
4294967279,131
4294967279,128
4294967279,126
4294967279,125
4294967279,124
4294967279,123
4294967279,326
4294967279,121
4294967279,246
4294967279,119
4294967279,118
4294967279,117
4294967279,114
4294967279,234
4294967279,109
4294967279,108
4294967279,107
4294967279,105
4294967279,94
4294967279,93
4294967279,92
4294967279,90
4294967279,87
4294967279,532
4294967279,322
4294967279,40
4294967279,35
4294967279,546
4294967279,26
4294967279,89
4294967279,302
4294967279,351
4294967278,343
201,6
201,5
201,4
201,3
201,2
201,1
4294967279,325
4294967278,411
4294967294,480
4294967279,525
4294967278,178
4294967278,177
4294967278,381
4294967279,350
198,6
198,5
198,4
198,2
198,1
4294967279,349
4294967279,159
4294967278,378
4294967278,392
4294967294,404
4294967294,184
4294967279,34
4294967294,182
4294967294,1093
4294967294,173
4294967279,33
4294967279,144
4294967278,143
4294967279,31
4294967279,142
195,6
4294967279,138
195,5
195,4
195,3
195,2
195,1
4294967279,348
4294967279,265
4294967278,273
4294967279,264
4294967278,268
4294967279,263
4294967279,262
4294967278,264
4294967278,6
4294967279,321
4294967279,512
4294967278,327
